RPi_DBG: averages:
buf0: FF22B2A81E6594BF
buf1: 2F8CA4EDC85A613F
buf2: C60888739118F1BF
buf3: 008E36908E5F3940
buf4: 1E1B6C644661DB3F
buf5: 6E2F3FACCAEFF8BF
buf6: C7FB1BC198E0C1BF
buf7: 0000000000000000
buf8: 0000000000000000
buf9: 0000000000000000
buf10: 0000000000000000
buf11: 0000000000000000
buf12: 0000000000000000
buf13: 0000000000000000
buf14: 0000000000000000
buf15: 0000000000000000
buf16: 9915D39D22C6EFBF
buf17: E2A4EECB630B913F
buf18: 60FAA55FFA95A2BF
buf19: DDC7512C648F3A40
buf20: 1703E499CA7E01C0
buf21: BE2F9A465EEBF33F
buf22: 108A1D6E71F80DC0
buf23: 0000000000000000
buf24: 0000000000000000
buf25: 0000000000000000
buf26: 0000000000000000
buf27: 0000000000000000
buf28: 0000000000000000
buf29: 0000000000000000
buf30: 0000000000000000
buf31: 0000000000000000
buf32: E41A2C3B1F09B83F
buf33: 31DD29A22FE7EFBF
buf34: DE99CD683A15D53F
buf35: 72C0CE58E8EC3940
buf36: F700D113FC8AF53F
buf37: 8B666B634FBDFA3F
buf38: BB943671F49DF03F
buf39: 0000000000000000
buf40: 0000000000000000
buf41: 0000000000000000
buf42: 0000000000000000
buf43: 0000000000000000
buf44: 0000000000000000
buf45: 0000000000000000
buf46: 0000000000000000
buf47: 0000000000000000
buf48: F347B3D05F23F0BF
buf49: CEB3AD2DD2084B3F
buf50: AA6C211BBF1872BF
buf51: 0FFC0B9B392B3940
buf52: AF4E618AAC951140
buf53: C7A136CD23D2F63F
buf54: 45523B145D73F8BF
buf55: 0000000000000000
buf56: 0000000000000000
buf57: 0000000000000000
buf58: 0000000000000000
buf59: 0000000000000000
buf60: 0000000000000000
buf61: 0000000000000000
buf62: 0000000000000000
buf63: 0000000000000000
buf64: 2DF5BAE7242AA33F
buf65: 13831B77AE5D873F
buf66: CCAB95E5F9A8EC3F
buf67: 68028DF90B903840
buf68: 6991FF65081AF73F
buf69: 3B214663FF350240
buf70: 36CB035E928412C0
buf71: 0000000000000000
buf72: 0000000000000000
buf73: 0000000000000000
buf74: 0000000000000000
buf75: 0000000000000000
buf76: 0000000000000000
buf77: 0000000000000000
buf78: 0000000000000000
buf79: 0000000000000000
buf80: 2084D5125DC09A3F
buf81: 786736A3E921F0BF
buf82: E6B11541C30996BF
buf83: 191924A415803A40
buf84: 31F59B713441F5BF
buf85: DE8846C9ACECE13F
buf86: F0F8F0D73D5EF5BF
buf87: 0000000000000000
buf88: 0000000000000000
buf89: 0000000000000000
buf90: 0000000000000000
buf91: 0000000000000000
buf92: 0000000000000000
buf93: 0000000000000000
buf94: 0000000000000000
buf95: 0000000000000000
RPi_Dev0: x 0 y 0 z 0 vx 0 vy 0 vz 0 ax -0.019917 ay 0.00211848 az -1.0685 temp 25.3733 ox 0 oy 0 oz 0 wx 0.427812 wy -1.55854 wz -0.139667
RPi_Dev1: x 0 y 0 z 0 vx 0 vy 0 vz 0 ax -0.992936 ay 0.016645 az -0.0363005 temp 26.5601 ox 0 oy 0 oz 0 wx -2.18691 wy 1.24496 wz -3.74631
RPi_Dev2: x 0 y 0 z 0 vx 0 vy 0 vz 0 ax 0.0938892 ay -0.996971 az 0.329421 temp 25.9254 ox 0 oy 0 oz 0 wx 1.34643 wy 1.67122 wz 1.03856
RPi_Dev3: x 0 y 0 z 0 vx 0 vy 0 vz 0 ax -1.00864 ay 0.000825026 az -0.00441813 temp 25.1688 ox 0 oy 0 oz 0 wx 4.39617 wy 1.4263 wz -1.52816
RPi_Dev4: x 0 y 0 z 0 vx 0 vy 0 vz 0 ax 0.0374309 ay 0.0114092 az 0.895627 temp 24.5627 ox 0 oy 0 oz 0 wx 1.44386 wy 2.27637 wz -4.62946
RPi_Dev5: x 0 y 0 z 0 vx 0 vy 0 vz 0 ax 0.0261244 ay -1.00828 az -0.0215216 temp 26.5003 ox 0 oy 0 oz 0 wx -1.32842 wy 0.560141 wz -1.33551
RPi_DBG: divisor: 5370.000000

