RPi_DBG: averages:
buf0: D6AEFD569C46A23F
buf1: C19FBAFF63DC83BF
buf2: 292C5977F859EE3F
buf3: 9586A691ABCF3840
buf4: 3770AC20F57EDD3F
buf5: AD7340A45233F8BF
buf6: 05292ABABE3C853F
buf7: 0000000000000000
buf8: 0000000000000000
buf9: 0000000000000000
buf10: 0000000000000000
buf11: 0000000000000000
buf12: 0000000000000000
buf13: 0000000000000000
buf14: 0000000000000000
buf15: 0000000000000000
buf16: 0A3C7504931CF03F
buf17: BA1C98BE46A794BF
buf18: 2922C3BB5B46773F
buf19: 9010ED7538913A40
buf20: 7F1AB04DFF8101C0
buf21: C7829192D9DEF33F
buf22: B8F4C3E516F30DC0
buf23: 0000000000000000
buf24: 0000000000000000
buf25: 0000000000000000
buf26: 0000000000000000
buf27: 0000000000000000
buf28: 0000000000000000
buf29: 0000000000000000
buf30: 0000000000000000
buf31: 0000000000000000
buf32: 6191736B1E07A83F
buf33: 86542AFC8621F03F
buf34: F7A2190C8F95D63F
buf35: 7ABA6C6F887B3940
buf36: 51EFE925CB70F53F
buf37: A894A554FDD8FA3F
buf38: 519FFBBE24A1F03F
buf39: 0000000000000000
buf40: 0000000000000000
buf41: 0000000000000000
buf42: 0000000000000000
buf43: 0000000000000000
buf44: 0000000000000000
buf45: 0000000000000000
buf46: 0000000000000000
buf47: 0000000000000000
buf48: EC1E6E45ECB3EF3F
buf49: 5E4256AA79A1823F
buf50: 5F7195978144A9BF
buf51: 6726F1BCF9D73840
buf52: 9F2F864D78E41140
buf53: 8F1B08B00913F83F
buf54: 8BD43551F50FF3BF
buf55: 0000000000000000
buf56: 0000000000000000
buf57: 0000000000000000
buf58: 0000000000000000
buf59: 0000000000000000
buf60: 0000000000000000
buf61: 0000000000000000
buf62: 0000000000000000
buf63: 0000000000000000
buf64: 3B967582F40F79BF
buf65: 5259403FD410653F
buf66: 5328E0E52708F2BF
buf67: 6057678C1D673840
buf68: 81E61BD44148F73F
buf69: 2AC0CFE9EB4B0240
buf70: F8CF0C6F1D8B12C0
buf71: 0000000000000000
buf72: 0000000000000000
buf73: 0000000000000000
buf74: 0000000000000000
buf75: 0000000000000000
buf76: 0000000000000000
buf77: 0000000000000000
buf78: 0000000000000000
buf79: 0000000000000000
buf80: 33082F3557AC9F3F
buf81: B2FCC3806516F03F
buf82: F4CA76C55F94BBBF
buf83: 2B151AAA125B3A40
buf84: 7DB323E46E1DF5BF
buf85: CCB7AA36D264E13F
buf86: 80B878902930F5BF
buf87: 0000000000000000
buf88: 0000000000000000
buf89: 0000000000000000
buf90: 0000000000000000
buf91: 0000000000000000
buf92: 0000000000000000
buf93: 0000000000000000
buf94: 0000000000000000
buf95: 0000000000000000
RPi_Dev0: x 0 y 0 z 0 vx 0 vy 0 vz 0 ax 0.035695 ay -0.00969771 az 0.948483 temp 24.8112 ox 0 oy 0 oz 0 wx 0.460874 wy -1.51253 wz 0.0103698
RPi_Dev1: x 0 y 0 z 0 vx 0 vy 0 vz 0 ax 1.00698 ay -0.0201694 az 0.00568233 temp 26.5673 ox 0 oy 0 oz 0 wx -2.18848 wy 1.24191 wz -3.7437
RPi_Dev2: x 0 y 0 z 0 vx 0 vy 0 vz 0 ax 0.0469293 ay 1.00819 az 0.352878 temp 25.4826 ox 0 oy 0 oz 0 wx 1.34004 wy 1.67798 wz 1.03934
RPi_Dev3: x 0 y 0 z 0 vx 0 vy 0 vz 0 ax 0.990713 ay 0.00909705 az -0.0493508 temp 24.8437 ox 0 oy 0 oz 0 wx 4.47312 wy 1.50465 wz -1.1914
RPi_Dev4: x 0 y 0 z 0 vx 0 vy 0 vz 0 ax -0.00611873 ay 0.0025715 az -1.12699 temp 24.4028 ox 0 oy 0 oz 0 wx 1.45514 wy 2.28707 wz -4.63585
RPi_Dev5: x 0 y 0 z 0 vx 0 vy 0 vz 0 ax 0.0309309 ay 1.00547 az -0.107733 temp 26.3558 ox 0 oy 0 oz 0 wx -1.31969 wy 0.543557 wz -1.32426
RPi_DBG: divisor: 18894.000000
